$MeshFormat
2.2 0 8
$EndMeshFormat
$Nodes
245
1 0 1 0
2 5 1.2214 0
3 10 1.4918 0
4 15 1.8221 0
5 20 2.2255 0
6 25 2.7183 0
7 30 3.3201 0
8 35 4.0552 0
9 40 4.953 0
10 45 6.0496 0
11 0 -1 0
12 5 -1.2214 0
13 10 -1.4918 0
14 15 -1.8221 0
15 20 -2.2255 0
16 25 -2.7183 0
17 30 -3.3201 0
18 35 -4.0552 0
19 40 -4.953 0
20 45 -6.0496 0
21 50 7.3891 0
22 50 0 0
23 50 -7.3891 0
24 1.249999999998472 1.055349999999932 0
25 2.499999999996193 1.110699999999831 0
26 3.749999999996411 1.166049999999841 0
27 6.250000000000801 1.289000000000043 0
28 7.499999999999977 1.356599999999999 0
29 8.74999999999873 1.424199999999931 0
30 11.24999999999834 1.574374999999891 0
31 12.49999999999996 1.656949999999998 0
32 13.75000000000119 1.739525000000079 0
33 16.25000000001121 1.922950000000904 0
34 17.50000000001753 2.023800000001414 0
35 18.75000000000788 2.124650000000636 0
36 21.24999999999353 2.348699999999362 0
37 22.49999999999991 2.471899999999991 0
38 23.75000000001375 2.595100000001355 0
39 26.25000000000905 2.868750000001089 0
40 27.4999999999999 3.019199999999988 0
41 28.75000000000248 3.169650000000299 0
42 31.24999999999468 3.503874999999217 0
43 32.49999999999986 3.68764999999998 0
44 33.75000000000325 3.871425000000479 0
45 36.25000000000455 4.279650000000816 0
46 37.49999999999979 4.504099999999962 0
47 38.75000000000578 4.728550000001039 0
48 41.24999999997424 5.227149999994349 0
49 42.49999999999971 5.501299999999937 0
50 43.75000000003115 5.775450000006832 0
51 48.74999999999427 -7.054224999998464 0
52 47.50000000000048 -6.719350000000127 0
53 46.25000000000651 -6.384475000001743 0
54 43.75000000000645 -5.775450000001414 0
55 42.50000000000026 -5.501300000000056 0
56 41.24999999998523 -5.227149999996762 0
57 38.74999999999545 -4.728549999999184 0
58 37.50000000000021 -4.504100000000038 0
59 36.24999999999422 -4.279649999998962 0
60 33.75000000000354 -3.871425000000521 0
61 32.50000000000016 -3.687650000000024 0
62 31.24999999999448 -3.503874999999188 0
63 28.74999999999095 -3.169649999998911 0
64 27.5000000000001 -3.019200000000013 0
65 26.24999999999752 -2.868749999999701 0
66 23.74999999999948 -2.595099999999949 0
67 22.50000000000005 -2.471900000000005 0
68 21.25000000000286 -2.348700000000282 0
69 18.75000000000641 -2.124650000000517 0
70 17.50000000001762 -2.023800000001422 0
71 16.25000000000528 -1.922950000000426 0
72 13.74999999999872 -1.739524999999915 0
73 12.50000000000004 -1.656950000000003 0
74 11.24999999999923 -1.574374999999949 0
75 8.750000000000613 -1.424200000000033 0
76 7.500000000000023 -1.356600000000001 0
77 6.250000000001013 -1.289000000000055 0
78 3.749999999997836 -1.166049999999904 0
79 2.500000000000014 -1.110700000000001 0
80 1.250000000000405 -1.055350000000018 0
81 0 -0.5000000000013003 0
82 0 -2.750688565811288e-12 0
83 0 0.4999999999986247 0
84 46.25000000000568 6.384475000001522 0
85 47.49999999999952 6.719349999999872 0
86 48.74999999999337 7.054224999998223 0
87 50 5.541825000006014 0
88 50 3.694550000009463 0
89 50 1.847275000006037 0
90 50 -1.847274999996285 0
91 50 -3.694549999990485 0
92 50 -5.541824999996008 0
93 43.10274330479335 -3.390330503793079 0
94 37.8388771457803 -2.09129434148724 0
95 44.47673155911674 3.000967799077225 0
96 33.22601701378576 1.368961572612299 0
97 27.45526290427264 0.3243003734452822 0
98 39.11311830150875 2.238352446341407 0
99 23.35474634287711 0.06237944294735986 0
100 47.00595891048731 -3.437623492928966 0
101 46.98708217855479 -0.0622514312874052 0
102 33.86212380000718 -1.128551983671163 0
103 17.47653282216173 -0.6515726275275844 0
104 1.666666666665824 0.1357111111104621 0
105 47.23495532115681 3.33867052229987 0
106 43.89184031987286 -0.07991953768594005 0
107 30.49732667340336 -1.025536869812026 0
108 41.76211306525347 2.65395274882008 0
109 36.48808658058449 1.798019603308637 0
110 25.13500173221572 0.06444630029840268 0
111 39.65408229642728 -2.467996250945022 0
112 35.57770648747882 -1.055936327249212 0
113 19.86983167908534 0.5272665984244225 0
114 29.34791075659647 0.7340764365701258 0
115 40.95595860851958 -0.07144613190818892 0
116 38.16210303235361 -0.4135247237912738 0
117 10 0 0
118 8.749999999999989 -0.06760000000000053 0
119 11.24999999999998 0.08257499999999894 0
120 30.24866333670168 -2.172818434906012 0
121 31.49866333670176 -2.356593434906024 0
122 28.99866333670173 -2.022368434906018 0
123 5 0 0
124 6.250000000000012 -0.06760000000000053 0
125 3.750000000000007 0.05534999999999978 0
126 32.86300850689281 2.528305786306139 0
127 34.11300850689288 2.712080786306149 0
128 31.61300850689288 2.344530786306149 0
129 42.8013716523968 -4.445815251896566 0
130 44.05137165239667 -4.719965251896538 0
131 41.55137165239667 -4.171665251896539 0
132 19.93491583954267 1.376383299212211 0
133 21.18491583954263 1.499583299212206 0
134 18.68491583955144 1.275533299212918 0
135 17.48826641108967 -1.337686313764503 0
136 18.73826641108086 -1.438536313763792 0
137 16.23826641108086 -1.236836313763792 0
138 13.75000000000002 0.08257499999999872 0
139 12.50000000000021 0.08257500000006467 0
140 45.05435110764033 -3.413976998361023 0
141 43.4972918123331 -1.73512502073951 0
142 45.43946124921382 -0.07108548448667262 0
143 46.99652054452105 -1.749937462108186 0
144 45.24690617842707 -1.742531241423847 0
145 47.25297945524389 -5.078486746464546 0
146 48.50297945524365 -3.566086746459725 0
147 48.62648972761896 -5.310155873229475 0
148 47.1110187498558 1.638209545506233 0
149 44.1842859394948 1.460524130695642 0
150 45.85584344013677 3.169819160688548 0
151 45.64765234467529 1.549366838100938 0
152 44.73836577955836 4.525283899538612 0
153 47.36747766057817 5.02901026114987 0
154 46.05292172007123 4.777147080345034 0
155 2.083333333331008 0.6232055555551466 0
156 2.083333333332919 -0.4874944444447691 0
157 2.916666666664665 0.3392777777775358 0
158 7.500000000000707 -0.06759999999999498 0
159 48.49354108927739 -0.0311257156437026 0
160 48.49826027226052 -1.798606231052236 0
161 36.03289653403166 0.3710416380297125 0
162 34.719915143743 -1.092244155460188 0
163 33.54407040689647 0.1202047944705682 0
164 34.85705179718513 1.583490587960468 0
165 34.78848347046407 0.2456232162501404 0
166 48.6174776605784 3.516610261154666 0
167 48.55550937492789 1.742742272756135 0
168 41.35903583688653 1.291253308455945 0
169 43.11942231218511 2.827460273948653 0
170 42.42389946419623 -0.07568283479706449 0
171 42.77166088819067 1.375888719575794 0
172 48.68373883028589 5.285417630577085 0
173 38.00049008906696 -1.252409532639257 0
174 36.41943857289015 -3.07324717074362 0
175 35.28885324373941 -2.555568163624605 0
176 36.86990475991621 -0.734730525520243 0
177 36.64467166640318 -1.903988848131931 0
178 41.37841280061032 -2.929163377369051 0
179 40.30502045247343 -1.269721191426606 0
180 41.90115613240327 -1.502423106083058 0
181 18.67318225062353 -0.06215301455158095 0
182 16.23826641108086 0.5852636862362075 0
183 17.46159112531737 0.9303984927246614 0
184 42.13105653262659 4.077626374410007 0
185 40.43761568338111 2.446152597580744 0
186 39.55655915075437 3.595676223170703 0
187 40.84380784167767 3.836651298787546 0
188 36.99404329029214 3.151059801654299 0
189 35.55352589859484 2.931570293980642 0
190 26.29513231824418 0.1943733368718425 0
191 25.06750086610786 1.391373150149201 0
192 27.47763145213627 1.671750186722635 0
193 26.27256615912661 1.531561668436465 0
194 37.80060244104662 2.018186024825022 0
195 38.63761066693118 0.9124138612750669 0
196 37.33525360048142 0.6417277496523895 0
197 25.06750086610786 -1.326926849850798 0
198 22.92737317143857 -1.204760278526322 0
199 24.24487403754642 0.06341287162288127 0
200 23.99743701877295 -1.265843564188533 0
201 39.55903082043659 -0.2424854278497313 0
202 39.99832325190884 1.101833584865506 0
203 28.40158683043455 0.5291884050077039 0
204 29.67395537829823 2.027088218285062 0
205 28.57579341521852 1.849419202504001 0
206 33.18106190000367 -2.408100991835593 0
207 34.23495757187327 -2.481834577730354 0
208 38.57704114821375 -3.48604812547253 0
209 38.7464797211038 -2.279645296216132 0
210 37.49823986054901 -3.279647648107546 0
211 31.86167184359456 0.1717123514001366 0
212 29.92261871499991 -0.1457302166209502 0
213 30.7678136109464 1.099400284842599 0
214 43.43471115610813 4.301455136977741 0
215 38.2753012205262 3.373368012413029 0
216 22.92737317143851 1.267139721473675 0
217 23.99743701878008 1.329256435812118 0
218 21.1849158395427 -0.9723167007877906 0
219 19.9615911253132 -1.205426507275931 0
220 40.06420640030289 -3.828856688684117 0
221 22.0561445054906 0.1474115103429423 0
222 45.65217555382341 -4.899225999181382 0
223 32.52136687179912 -1.118194320217728 0
224 39.15275527077019 -1.261065362032932 0
225 0.8333333333329118 0.06785555555385572 0
226 1.041666666665692 0.5616027777768937 0
227 14.99413320553979 -0.5771306568818536 0
228 1.041666666666658 -0.4937472222230434 0
229 27.47763145213637 -1.347449813277365 0
230 28.70012508356814 -0.7465900149491573 0
231 26.27256615912085 -1.337188331563929 0
232 9.166666666666449 0.4521999999999881 0
233 10.83333333333305 0.5523166666666477 0
234 30.99910889113357 -2.677762289937212 0
235 29.33244222446631 -2.454945623270496 0
236 5.833333333333508 -0.4522000000000093 0
237 4.16666666666631 -0.3702333333333173 0
238 33.57533900459576 3.037270524204174 0
239 31.90867233792767 2.79223719087063 0
240 43.53424776826559 -4.980410167931274 0
241 41.86758110159539 -4.614876834597166 0
242 20.78994389302735 1.741555532808032 0
243 19.12327722636748 1.592188866141933 0
244 18.32551094072605 -1.633624209176302 0
245 16.65884427405919 -1.499157542509621 0
$EndNodes
$Elements
290
1 1 2 0 1 1 24
2 1 2 0 1 24 25
3 1 2 0 1 25 26
4 1 2 0 1 26 2
5 1 2 0 2 2 27
6 1 2 0 2 27 28
7 1 2 0 2 28 29
8 1 2 0 2 29 3
9 1 2 0 3 3 30
10 1 2 0 3 30 31
11 1 2 0 3 31 32
12 1 2 0 3 32 4
13 1 2 0 4 4 33
14 1 2 0 4 33 34
15 1 2 0 4 34 35
16 1 2 0 4 35 5
17 1 2 0 5 5 36
18 1 2 0 5 36 37
19 1 2 0 5 37 38
20 1 2 0 5 38 6
21 1 2 0 6 6 39
22 1 2 0 6 39 40
23 1 2 0 6 40 41
24 1 2 0 6 41 7
25 1 2 0 7 7 42
26 1 2 0 7 42 43
27 1 2 0 7 43 44
28 1 2 0 7 44 8
29 1 2 0 8 8 45
30 1 2 0 8 45 46
31 1 2 0 8 46 47
32 1 2 0 8 47 9
33 1 2 0 9 9 48
34 1 2 0 9 48 49
35 1 2 0 9 49 50
36 1 2 0 9 50 10
37 1 2 0 12 23 51
38 1 2 0 12 51 52
39 1 2 0 12 52 53
40 1 2 0 12 53 20
41 1 2 0 13 20 54
42 1 2 0 13 54 55
43 1 2 0 13 55 56
44 1 2 0 13 56 19
45 1 2 0 14 19 57
46 1 2 0 14 57 58
47 1 2 0 14 58 59
48 1 2 0 14 59 18
49 1 2 0 15 18 60
50 1 2 0 15 60 61
51 1 2 0 15 61 62
52 1 2 0 15 62 17
53 1 2 0 16 17 63
54 1 2 0 16 63 64
55 1 2 0 16 64 65
56 1 2 0 16 65 16
57 1 2 0 17 16 66
58 1 2 0 17 66 67
59 1 2 0 17 67 68
60 1 2 0 17 68 15
61 1 2 0 18 15 69
62 1 2 0 18 69 70
63 1 2 0 18 70 71
64 1 2 0 18 71 14
65 1 2 0 19 14 72
66 1 2 0 19 72 73
67 1 2 0 19 73 74
68 1 2 0 19 74 13
69 1 2 0 20 13 75
70 1 2 0 20 75 76
71 1 2 0 20 76 77
72 1 2 0 20 77 12
73 1 2 0 21 12 78
74 1 2 0 21 78 79
75 1 2 0 21 79 80
76 1 2 0 21 80 11
77 1 2 0 22 11 81
78 1 2 0 22 81 82
79 1 2 0 22 82 83
80 1 2 0 22 83 1
81 1 2 0 31 10 84
82 1 2 0 31 84 85
83 1 2 0 31 85 86
84 1 2 0 31 86 21
85 1 2 0 41 21 87
86 1 2 0 41 87 88
87 1 2 0 41 88 89
88 1 2 0 41 89 22
89 1 2 0 51 22 90
90 1 2 0 51 90 91
91 1 2 0 51 91 92
92 1 2 0 51 92 23
93 3 2 7 6 4 138 139 32
94 3 2 7 6 138 73 74 139
95 3 2 7 6 139 74 13 119
96 3 2 7 6 32 139 119 31
97 3 2 7 6 100 140 144 143
98 3 2 7 6 140 93 141 144
99 3 2 7 6 144 141 106 142
100 3 2 7 6 143 144 142 101
101 3 2 7 6 23 51 147 92
102 3 2 7 6 51 52 145 147
103 3 2 7 6 147 145 100 146
104 3 2 7 6 92 147 146 91
105 3 2 7 6 105 148 151 150
106 3 2 7 6 148 101 142 151
107 3 2 7 6 151 142 106 149
108 3 2 7 6 150 151 149 95
109 3 2 7 6 95 152 154 150
110 3 2 7 6 152 10 84 154
111 3 2 7 6 154 84 85 153
112 3 2 7 6 150 154 153 105
113 3 2 7 6 104 155 157 156
114 3 2 7 6 155 25 26 157
115 3 2 7 6 157 26 2 125
116 3 2 7 6 156 157 125 79
117 3 2 7 6 13 75 158 118
118 3 2 7 6 75 76 124 158
119 3 2 7 6 158 124 2 27
120 3 2 7 6 118 158 27 28
121 3 2 7 6 101 159 160 143
122 3 2 7 6 159 22 90 160
123 3 2 7 6 160 90 91 146
124 3 2 7 6 143 160 146 100
125 3 2 7 6 109 161 165 164
126 3 2 7 6 161 112 162 165
127 3 2 7 6 165 162 102 163
128 3 2 7 6 164 165 163 96
129 3 2 7 6 101 148 167 159
130 3 2 7 6 148 105 166 167
131 3 2 7 6 167 166 88 89
132 3 2 7 6 159 167 89 22
133 3 2 7 6 115 168 171 170
134 3 2 7 6 168 108 169 171
135 3 2 7 6 171 169 95 149
136 3 2 7 6 170 171 149 106
137 3 2 7 6 21 87 172 86
138 3 2 7 6 87 88 166 172
139 3 2 7 6 172 166 105 153
140 3 2 7 6 86 172 153 85
141 3 2 7 6 116 173 177 176
142 3 2 7 6 173 94 174 177
143 3 2 7 6 177 174 18 175
144 3 2 7 6 176 177 175 112
145 3 2 7 6 106 141 180 170
146 3 2 7 6 141 93 178 180
147 3 2 7 6 180 178 111 179
148 3 2 7 6 170 180 179 115
149 3 2 7 6 113 181 183 134
150 3 2 7 6 181 103 182 183
151 3 2 7 6 183 182 4 33
152 3 2 7 6 134 183 33 34
153 3 2 7 6 49 184 187 48
154 3 2 7 6 184 108 185 187
155 3 2 7 6 187 185 98 186
156 3 2 7 6 48 187 186 9
157 3 2 7 6 96 127 189 164
158 3 2 7 6 127 8 45 189
159 3 2 7 6 189 45 46 188
160 3 2 7 6 164 189 188 109
161 3 2 7 6 97 190 193 192
162 3 2 7 6 190 110 191 193
163 3 2 7 6 193 191 6 39
164 3 2 7 6 192 193 39 40
165 3 2 7 6 112 161 196 176
166 3 2 7 6 161 109 194 196
167 3 2 7 6 196 194 98 195
168 3 2 7 6 176 196 195 116
169 3 2 7 6 110 197 200 199
170 3 2 7 6 197 16 66 200
171 3 2 7 6 200 66 67 198
172 3 2 7 6 199 200 198 99
173 3 2 7 6 116 195 202 201
174 3 2 7 6 195 98 185 202
175 3 2 7 6 202 185 108 168
176 3 2 7 6 201 202 168 115
177 3 2 7 6 114 203 205 204
178 3 2 7 6 203 97 192 205
179 3 2 7 6 205 192 40 41
180 3 2 7 6 204 205 41 7
181 3 2 7 6 112 175 207 162
182 3 2 7 6 175 18 60 207
183 3 2 7 6 207 60 61 206
184 3 2 7 6 162 207 206 102
185 3 2 7 6 111 208 210 209
186 3 2 7 6 208 58 59 210
187 3 2 7 6 210 59 18 174
188 3 2 7 6 209 210 174 94
189 3 2 7 6 7 128 213 204
190 3 2 7 6 128 96 211 213
191 3 2 7 6 213 211 107 212
192 3 2 7 6 204 213 212 114
193 3 2 7 6 108 184 214 169
194 3 2 7 6 184 49 50 214
195 3 2 7 6 214 50 10 152
196 3 2 7 6 169 214 152 95
197 3 2 7 6 109 188 215 194
198 3 2 7 6 188 46 47 215
199 3 2 7 6 215 47 9 186
200 3 2 7 6 194 215 186 98
201 3 2 7 6 110 199 217 191
202 3 2 7 6 199 99 216 217
203 3 2 7 6 217 216 37 38
204 3 2 7 6 191 217 38 6
205 3 2 7 6 67 68 219 218
206 3 2 7 6 68 15 136 219
207 3 2 7 6 219 136 103 181
208 3 2 7 6 218 219 181 113
209 3 2 7 6 93 131 220 178
210 3 2 7 6 131 19 57 220
211 3 2 7 6 220 57 58 208
212 3 2 7 6 178 220 208 111
213 3 2 7 6 67 218 221 198
214 3 2 7 6 218 113 133 221
215 3 2 7 6 221 133 37 216
216 3 2 7 6 198 221 216 99
217 3 2 7 6 93 140 222 130
218 3 2 7 6 140 100 145 222
219 3 2 7 6 222 145 52 53
220 3 2 7 6 130 222 53 20
221 3 2 7 6 61 121 223 206
222 3 2 7 6 121 107 211 223
223 3 2 7 6 223 211 96 163
224 3 2 7 6 206 223 163 102
225 3 2 7 6 94 173 224 209
226 3 2 7 6 173 116 201 224
227 3 2 7 6 224 201 115 179
228 3 2 7 6 209 224 179 111
229 3 2 7 6 82 83 226 225
230 3 2 7 6 83 1 24 226
231 3 2 7 6 226 24 25 155
232 3 2 7 6 225 226 155 104
233 3 2 7 6 73 138 227 72
234 3 2 7 6 138 4 182 227
235 3 2 7 6 227 182 103 137
236 3 2 7 6 72 227 137 14
237 3 2 7 6 82 225 228 81
238 3 2 7 6 225 104 156 228
239 3 2 7 6 228 156 79 80
240 3 2 7 6 81 228 80 11
241 3 2 7 6 114 212 230 203
242 3 2 7 6 212 107 122 230
243 3 2 7 6 230 122 64 229
244 3 2 7 6 203 230 229 97
245 3 2 7 6 16 197 231 65
246 3 2 7 6 197 110 190 231
247 3 2 7 6 231 190 97 229
248 3 2 7 6 65 231 229 64
249 3 2 7 6 3 117 232 29
250 3 2 7 6 117 13 118 232
251 3 2 7 6 29 232 118 28
252 3 2 7 6 13 117 233 119
253 3 2 7 6 117 3 30 233
254 3 2 7 6 119 233 30 31
255 3 2 7 6 17 120 234 62
256 3 2 7 6 120 107 121 234
257 3 2 7 6 62 234 121 61
258 3 2 7 6 107 120 235 122
259 3 2 7 6 120 17 63 235
260 3 2 7 6 122 235 63 64
261 3 2 7 6 12 123 236 77
262 3 2 7 6 123 2 124 236
263 3 2 7 6 77 236 124 76
264 3 2 7 6 2 123 237 125
265 3 2 7 6 123 12 78 237
266 3 2 7 6 125 237 78 79
267 3 2 7 6 96 126 238 127
268 3 2 7 6 126 43 44 238
269 3 2 7 6 127 238 44 8
270 3 2 7 6 43 126 239 42
271 3 2 7 6 126 96 128 239
272 3 2 7 6 42 239 128 7
273 3 2 7 6 55 129 240 54
274 3 2 7 6 129 93 130 240
275 3 2 7 6 54 240 130 20
276 3 2 7 6 93 129 241 131
277 3 2 7 6 129 55 56 241
278 3 2 7 6 131 241 56 19
279 3 2 7 6 113 132 242 133
280 3 2 7 6 132 5 36 242
281 3 2 7 6 133 242 36 37
282 3 2 7 6 5 132 243 35
283 3 2 7 6 132 113 134 243
284 3 2 7 6 35 243 134 34
285 3 2 7 6 70 135 244 69
286 3 2 7 6 135 103 136 244
287 3 2 7 6 69 244 136 15
288 3 2 7 6 103 135 245 137
289 3 2 7 6 135 70 71 245
290 3 2 7 6 137 245 71 14
$EndElements
