$MeshFormat
2.2 0 8
$EndMeshFormat
$Nodes
289
1 -1 -1 0
2 -1 1 0
3 1 1 0
4 1 -1 0
5 -1 -0.8750000000003529 0
6 -1 -0.7500000000006949 0
7 -1 -0.6250000000010422 0
8 -1 -0.5000000000013893 0
9 -1 -0.3750000000017366 0
10 -1 -0.2500000000020839 0
11 -1 -0.1250000000024203 0
12 -1 -2.756683770144264e-12 0
13 -1 0.1249999999975797 0
14 -1 0.2499999999979161 0
15 -1 0.3749999999982634 0
16 -1 0.4999999999986107 0
17 -1 0.6249999999989579 0
18 -1 0.7499999999993054 0
19 -1 0.8749999999996527 0
20 -0.8750000000003529 1 0
21 -0.7500000000006949 1 0
22 -0.6250000000010422 1 0
23 -0.5000000000013893 1 0
24 -0.3750000000017366 1 0
25 -0.2500000000020839 1 0
26 -0.1250000000024203 1 0
27 -2.756683770144264e-12 1 0
28 0.1249999999975797 1 0
29 0.2499999999979161 1 0
30 0.3749999999982634 1 0
31 0.4999999999986107 1 0
32 0.6249999999989579 1 0
33 0.7499999999993054 1 0
34 0.8749999999996527 1 0
35 1 0.8750000000003529 0
36 1 0.7500000000006949 0
37 1 0.6250000000010422 0
38 1 0.5000000000013893 0
39 1 0.3750000000017366 0
40 1 0.2500000000020839 0
41 1 0.1250000000024203 0
42 1 2.756683770144264e-12 0
43 1 -0.1249999999975797 0
44 1 -0.2499999999979161 0
45 1 -0.3749999999982634 0
46 1 -0.4999999999986107 0
47 1 -0.6249999999989579 0
48 1 -0.7499999999993054 0
49 1 -0.8749999999996527 0
50 0.8750000000003529 -1 0
51 0.7500000000006949 -1 0
52 0.6250000000010422 -1 0
53 0.5000000000013893 -1 0
54 0.3750000000017366 -1 0
55 0.2500000000020839 -1 0
56 0.1250000000024203 -1 0
57 2.756683770144264e-12 -1 0
58 -0.1249999999975797 -1 0
59 -0.2499999999979161 -1 0
60 -0.3749999999982634 -1 0
61 -0.4999999999986107 -1 0
62 -0.6249999999989579 -1 0
63 -0.7499999999993054 -1 0
64 -0.8749999999996527 -1 0
65 -0.7499982734958882 -2.925947860283177e-06 0
66 0.7500017196029457 -2.913921799531665e-06 0
67 0.2500015606688456 0.7499973555057131 0
68 -0.2499984570290105 0.7499973853753027 -0
69 -0.2499984891131318 -0.750002560627636 0
70 0.2500015549178922 -0.7500026351364951 0
71 0.7500012321790869 0.4999979121592516 0
72 -0.7499993549688383 0.7499989069363889 -0
73 0.7500012206385815 -0.5000020685302101 0
74 -0.7499993494408737 -0.7500011026000516 0
75 0.5000011766724224 -0.7500019940779524 0
76 -0.7499984507330025 0.249997374508174 -0
77 -0.7499988192314119 -0.50000200118337 0
78 0.7500006499919877 0.7499988986477397 0
79 0.7500006269475402 -0.7500010624591624 0
80 -0.499996968017096 -5.138295181616029e-06 0
81 0.7500015482911881 0.2499973764443815 0
82 0.500002160350226 0.49999633935993 0
83 -0.4999988783104276 -0.7500019010488447 0
84 -0.74999885056295 0.4999980521397693 -0
85 1.620748696525703e-06 0.7499972536270407 0
86 1.605317660247074e-06 -0.7500027205979385 0
87 -0.7499984991624083 -0.2500025435697816 0
88 0.5000011346601645 0.7499980773791557 0
89 -0.4999988624796466 0.7499980723878759 -0
90 0.5000021310367735 -0.5000036113569563 0
91 0.7500015199208433 -0.2500025756370155 0
92 -0.2499972989471975 0.4999954228644905 -0
93 0.2500027079265389 0.4999954114057564 0
94 2.886416259704344e-06 -0.5000048916466809 0
95 -0.4999972906498942 -0.2500045916484471 0
96 0.5000029942722902 -5.073976235496491e-06 0
97 0.5000026859326258 -0.2500045516101096 0
98 -0.4999973080994365 0.2499954381840377 -0
99 -0.4999979860742574 -0.5000034131516855 0
100 0.2500026190135569 -0.5000044383772086 0
101 -0.4999980114494193 0.4999966301933718 -0
102 0.5000026836958223 0.2499954524304871 0
103 0.2500034130641253 0.2499942163908741 0
104 -0.2499962747965588 -6.312963012247708e-06 0
105 0.2500033706277704 -0.2500057119910329 0
106 2.790646431433466e-06 0.4999952711231107 0
107 -0.2499966516910268 -0.250005674398272 0
108 -0.2499966862403267 0.2499943844475489 -0
109 -0.2499974913237845 -0.5000042515518783 0
110 0.2500035876046044 -6.079541345786945e-06 0
111 3.789044558954681e-06 -6.421022129221767e-06 0
112 3.425000878503476e-06 0.2499941960416455 0
113 3.415804996496213e-06 -0.2500057886596473 0
114 0.1250034190325019 0.2499942062162598 0
115 0.2500035003343649 0.1249940684247642 0
116 0.1250036883245817 -6.250281737504356e-06 0
117 3.607022718729079e-06 0.1249938875097581 0
118 0.1250035536785418 0.1249939779672611 0
119 0.625002356937618 -3.993949017514078e-06 0
120 0.7500016197618945 -0.1250027447794075 0
121 0.6250021029267345 -0.2500035636235626 0
122 0.500002840102458 -0.1250048127931726 0
123 0.6250022299321762 -0.12500377878629 0
124 0.2500034791161875 -0.1250058957661894 0
125 0.3750032909384473 -5.576758790641718e-06 0
126 0.3750030282801981 -0.2500051318005713 0
127 0.3750031596093227 -0.125005354279681 0
128 0.5000024084846997 -0.3750040814835329 0
129 0.3750023750251652 -0.5000040248670825 0
130 0.2500029948206637 -0.3750050751841208 0
131 0.3750027016526817 -0.3750045783338268 0
132 3.602424777725447e-06 -0.1250061048408883 0
133 -0.1249966179430151 -0.2500057315289597 0
134 -0.2499964632437928 -0.1250059936806421 0
135 -0.1249962428759999 -6.366992570734737e-06 0
136 -0.1249964304095075 -0.1250060492607652 0
137 0.7500013702797124 -0.3750023220836128 0
138 0.6250016758376775 -0.5000028399435832 0
139 0.625001889382206 -0.3750032017835729 0
140 0.3750030483799738 0.2499948344106806 0
141 0.5000028389840563 0.1249951892271258 0
142 0.3750031696592106 0.124994628825945 0
143 -0.2499964805184428 0.1249940357422683 -0
144 -0.1249966306197241 0.2499942902445972 -0
145 -0.124996436747862 0.1249939616260132 -0
146 0.1250027492864852 0.4999953412644336 0
147 0.2500030604953321 0.3749948138983152 0
148 3.107823654968471e-06 0.3749947335823781 0
149 0.1250030841594936 0.3749947737403467 0
150 -0.3749986837117797 -0.7500022308382404 0
151 -0.249999244555524 -0.8750012803138181 0
152 -0.4999994391545192 -0.8750009505244223 0
153 -0.3749993418550216 -0.8750011154191202 0
154 0.5000005673293876 0.8749990386895778 0
155 0.7500003249956466 0.8749994493238699 0
156 0.6250008923260761 0.7499984880134477 0
157 0.6250004461625172 0.8749992440067238 0
158 -0.8749992253665013 0.249998687253045 -0
159 -0.7499983621144454 0.1249972242801568 -0
160 -0.8749991367479442 -1.462975308483474e-06 0
161 -0.8749991810572226 0.1249986121388683 -0
162 -0.7499991027658941 0.6249984795380791 -0
163 -0.874999425281475 0.49999902606919 -0
164 -0.8749996774844191 0.7499994534678471 -0
165 -0.874999551382947 0.6249992397685185 -0
166 -0.6249984026528347 -0.5000027071675277 0
167 -0.7499986591969101 -0.3750022723765758 0
168 -0.6249978949061513 -0.2500035676091144 0
169 -0.4999976383620758 -0.3750040024000663 0
170 -0.624998148779493 -0.375003137388321 0
171 -0.7499996774847666 0.8749994534681944 -0
172 -0.8749998387423861 0.8749997267339236 -0
173 -0.1249984418977358 -0.7500026406127873 0
174 8.026602084654222e-07 -0.8750013602989692 0
175 -0.1249992209476578 -0.8750013203063937 0
176 -0.4999976597744279 0.3749960341887048 -0
177 -0.6249978794162195 0.2499964063461058 -0
178 -0.7499986506479763 0.3749977133239716 -0
179 -0.6249984310061847 0.4999973411665705 -0
180 -0.6249981552112022 0.3749968737563382 -0
181 -0.3749969711704605 -0.2500051330233596 0
182 -0.4999971293334952 -0.1250048649718143 0
183 -0.3749966214068274 -5.725629096931868e-06 0
184 -0.374996796288644 -0.1250054293262283 0
185 0.2500007803333809 0.8749986777528566 0
186 0.1250015907087711 0.7499973045663769 0
187 8.103729699209666e-07 0.8749986268135204 0
188 0.1250007953531754 0.8749986522831884 0
189 0.8750003249959939 0.7499994493242172 0
190 0.8750001624978233 0.8749997246621114 0
191 0.7500003134741176 -0.8750005312295812 0
192 0.8750003134737701 -0.7500005312292339 0
193 0.8750001567370616 -0.875000265614617 0
194 0.8750006160895434 0.4999989560803205 0
195 0.7500009410855373 0.6249984054034956 0
196 0.8750004705427686 0.6249992027022689 0
197 2.205697563979585e-06 0.6249962623750758 0
198 0.2500021342976922 0.6249963834557347 0
199 0.1250021699976281 0.6249963229154053 0
200 0.5000005883369059 -0.8750009970389763 0
201 0.6250009018099814 -0.7500015282685575 0
202 0.6250004509055118 -0.8750007641342787 0
203 0.8750007599604217 -0.2500012878174658 0
204 0.8750006103192908 -0.5000010342644103 0
205 0.8750006851398562 -0.3750011610409381 0
206 -0.2499992285155472 0.8749986926876514 -0
207 -0.3749986597543286 0.7499977288815893 -0
208 -0.4999994312405179 0.8749990361939379 -0
209 -0.3749993298780326 0.8749988644407947 -0
210 -0.8749993253239882 0.3749988566611175 -0
211 -0.6249991087242425 0.7499984896621323 -0
212 -0.6249995543626423 0.8749992448310662 -0
213 -0.2499970715074057 -0.3750049629750752 0
214 -0.374997738699021 -0.5000038323517819 0
215 -0.3749973549347407 -0.3750044826875707 0
216 0.7500009237930609 -0.6250015654946863 0
217 0.8750004618965304 -0.625000782746822 0
218 -0.7499983863291483 -0.125002734758821 0
219 -0.8749992495812042 -0.2500012717859328 0
220 -0.8749991931645742 -0.1250013673806206 0
221 -0.4999984321923425 -0.6250026571002651 0
222 -0.2499979902184582 -0.6250034060897571 0
223 -0.3749982112054003 -0.6250030315950111 0
224 -0.4999984369645329 0.6249973512906238 -0
225 -0.6249987698652135 0.6249979154143515 -0
226 0.7500013902351375 0.3749976443018165 0
227 0.6250021159935053 0.2499964144374343 0
228 0.5000024220230241 0.3749958958952085 0
229 0.6250016962646565 0.4999971257595908 0
230 0.6250019061290809 0.3749967700985126 0
231 -0.6249976207564921 -4.032121520949603e-06 0
232 -0.6249977578313217 -0.1250037998653176 0
233 -0.3749976551983084 0.4999960265289312 -0
234 -0.2499969925937621 0.3749949036560197 -0
235 -0.3749969971698817 0.2499949113157933 -0
236 -0.3749973261840951 0.3749954689223622 -0
237 -0.4999971380582663 0.124995149944428 -0
238 -0.3749968092883545 0.1249945928433482 -0
239 0.5000016475051953 0.6249972083695429 0
240 0.6250012942953664 0.6249978068865194 0
241 0.375001347664505 0.7499977164424344 0
242 0.3750006738313842 0.8749988582212173 0
243 -0.1249973024537624 -0.5000045715992796 0
244 2.245866959975709e-06 -0.6250038061223098 0
245 -0.1249978721757491 -0.6250036061060334 0
246 -0.6249991138756507 -0.7500015018244481 0
247 -0.7499990843361428 -0.6250015518917108 0
248 -0.6249987582642427 -0.6250021044959879 0
249 0.1250027527149083 -0.5000046650119447 0
250 0.2500020869657246 -0.6250035367568518 0
251 0.1250015801177762 -0.7500026778672169 0
252 0.1250021664163423 -0.6250036714395808 0
253 -0.6249977500863558 0.1249961871122924 -0
254 0.750001633947067 0.124997231261291 0
255 0.6250022364655616 0.1249962102442084 0
256 -0.124998418140157 0.7499973195011718 -0
257 -0.124997254150383 0.4999953469938006 -0
258 -0.249997877988104 0.6249964041198965 -0
259 -0.12499783614527 0.6249963332474862 -0
260 -0.1249969423850536 0.3749948186191989 -0
261 0.3750024341383825 0.4999958753828432 0
262 0.3750027412591781 0.3749953548967619 0
263 0.8750007741455941 0.2499986882232327 0
264 0.8750008598014729 -1.456959521423948e-06 0
265 0.8750008169735335 0.1249986156318556 0
266 0.8750006951175687 0.3749988221517765 0
267 0.2500007774599881 -0.8750013175682476 0
268 0.1250007900600983 -0.8750013389336084 0
269 -0.1249992090712886 0.8749986597505859 -0
270 0.5000016538545979 -0.6250028027174543 0
271 0.3750013657951573 -0.7500023146072238 0
272 0.3750018704101613 -0.6250031697371532 0
273 -0.3749981574763185 0.6249968777052604 -0
274 0.3750018909014438 0.6249967959126388 0
275 -0.8749994096157059 -0.5000010005923796 0
276 -0.8749993295984551 -0.3750011361891562 0
277 0.375000682898447 -0.8750011573036118 0
278 -0.8749996747204368 -0.7500005513003732 0
279 -0.7499996747200895 -0.8750005513000259 0
280 -0.8749998373600447 -0.8750002756501893 0
281 0.6250012888238294 -0.6250021841060703 0
282 -0.6249995569373044 -0.8750007509122241 0
283 -0.8749995421680714 -0.6250007759463765 0
284 3.151110628100279e-06 -0.3750053401531641 0
285 -0.1249969601983888 -0.3750051515641196 0
286 0.8750008098809472 -0.1250013723884936 0
287 0.1250033932163835 -0.2500057503253401 0
288 0.1250035407704826 -0.1250060003035388 0
289 0.1250030729656459 -0.3750052076686424 0
$EndNodes
$Elements
320
1 1 2 0 1 1 5
2 1 2 0 1 5 6
3 1 2 0 1 6 7
4 1 2 0 1 7 8
5 1 2 0 1 8 9
6 1 2 0 1 9 10
7 1 2 0 1 10 11
8 1 2 0 1 11 12
9 1 2 0 1 12 13
10 1 2 0 1 13 14
11 1 2 0 1 14 15
12 1 2 0 1 15 16
13 1 2 0 1 16 17
14 1 2 0 1 17 18
15 1 2 0 1 18 19
16 1 2 0 1 19 2
17 1 2 1 2 2 20
18 1 2 1 2 20 21
19 1 2 1 2 21 22
20 1 2 1 2 22 23
21 1 2 1 2 23 24
22 1 2 1 2 24 25
23 1 2 1 2 25 26
24 1 2 1 2 26 27
25 1 2 1 2 27 28
26 1 2 1 2 28 29
27 1 2 1 2 29 30
28 1 2 1 2 30 31
29 1 2 1 2 31 32
30 1 2 1 2 32 33
31 1 2 1 2 33 34
32 1 2 1 2 34 3
33 1 2 1 3 3 35
34 1 2 1 3 35 36
35 1 2 1 3 36 37
36 1 2 1 3 37 38
37 1 2 1 3 38 39
38 1 2 1 3 39 40
39 1 2 1 3 40 41
40 1 2 1 3 41 42
41 1 2 1 3 42 43
42 1 2 1 3 43 44
43 1 2 1 3 44 45
44 1 2 1 3 45 46
45 1 2 1 3 46 47
46 1 2 1 3 47 48
47 1 2 1 3 48 49
48 1 2 1 3 49 4
49 1 2 1 4 4 50
50 1 2 1 4 50 51
51 1 2 1 4 51 52
52 1 2 1 4 52 53
53 1 2 1 4 53 54
54 1 2 1 4 54 55
55 1 2 1 4 55 56
56 1 2 1 4 56 57
57 1 2 1 4 57 58
58 1 2 1 4 58 59
59 1 2 1 4 59 60
60 1 2 1 4 60 61
61 1 2 1 4 61 62
62 1 2 1 4 62 63
63 1 2 1 4 63 64
64 1 2 1 4 64 1
65 3 2 7 6 112 114 118 117
66 3 2 7 6 114 103 115 118
67 3 2 7 6 118 115 110 116
68 3 2 7 6 117 118 116 111
69 3 2 7 6 96 119 123 122
70 3 2 7 6 119 66 120 123
71 3 2 7 6 123 120 91 121
72 3 2 7 6 122 123 121 97
73 3 2 7 6 105 124 127 126
74 3 2 7 6 124 110 125 127
75 3 2 7 6 127 125 96 122
76 3 2 7 6 126 127 122 97
77 3 2 7 6 105 126 131 130
78 3 2 7 6 126 97 128 131
79 3 2 7 6 131 128 90 129
80 3 2 7 6 130 131 129 100
81 3 2 7 6 111 132 136 135
82 3 2 7 6 132 113 133 136
83 3 2 7 6 136 133 107 134
84 3 2 7 6 135 136 134 104
85 3 2 7 6 97 121 139 128
86 3 2 7 6 121 91 137 139
87 3 2 7 6 139 137 73 138
88 3 2 7 6 128 139 138 90
89 3 2 7 6 103 140 142 115
90 3 2 7 6 140 102 141 142
91 3 2 7 6 142 141 96 125
92 3 2 7 6 115 142 125 110
93 3 2 7 6 111 135 145 117
94 3 2 7 6 135 104 143 145
95 3 2 7 6 145 143 108 144
96 3 2 7 6 117 145 144 112
97 3 2 7 6 106 146 149 148
98 3 2 7 6 146 93 147 149
99 3 2 7 6 149 147 103 114
100 3 2 7 6 148 149 114 112
101 3 2 7 6 83 150 153 152
102 3 2 7 6 150 69 151 153
103 3 2 7 6 153 151 59 60
104 3 2 7 6 152 153 60 61
105 3 2 7 6 88 154 157 156
106 3 2 7 6 154 31 32 157
107 3 2 7 6 157 32 33 155
108 3 2 7 6 156 157 155 78
109 3 2 7 6 12 13 161 160
110 3 2 7 6 13 14 158 161
111 3 2 7 6 161 158 76 159
112 3 2 7 6 160 161 159 65
113 3 2 7 6 72 162 165 164
114 3 2 7 6 162 84 163 165
115 3 2 7 6 165 163 16 17
116 3 2 7 6 164 165 17 18
117 3 2 7 6 99 166 170 169
118 3 2 7 6 166 77 167 170
119 3 2 7 6 170 167 87 168
120 3 2 7 6 169 170 168 95
121 3 2 7 6 2 20 172 19
122 3 2 7 6 20 21 171 172
123 3 2 7 6 172 171 72 164
124 3 2 7 6 19 172 164 18
125 3 2 7 6 59 151 175 58
126 3 2 7 6 151 69 173 175
127 3 2 7 6 175 173 86 174
128 3 2 7 6 58 175 174 57
129 3 2 7 6 101 176 180 179
130 3 2 7 6 176 98 177 180
131 3 2 7 6 180 177 76 178
132 3 2 7 6 179 180 178 84
133 3 2 7 6 107 181 184 134
134 3 2 7 6 181 95 182 184
135 3 2 7 6 184 182 80 183
136 3 2 7 6 134 184 183 104
137 3 2 7 6 29 185 188 28
138 3 2 7 6 185 67 186 188
139 3 2 7 6 188 186 85 187
140 3 2 7 6 28 188 187 27
141 3 2 7 6 33 34 190 155
142 3 2 7 6 34 3 35 190
143 3 2 7 6 190 35 36 189
144 3 2 7 6 155 190 189 78
145 3 2 7 6 48 49 193 192
146 3 2 7 6 49 4 50 193
147 3 2 7 6 193 50 51 191
148 3 2 7 6 192 193 191 79
149 3 2 7 6 36 37 196 189
150 3 2 7 6 37 38 194 196
151 3 2 7 6 196 194 71 195
152 3 2 7 6 189 196 195 78
153 3 2 7 6 93 146 199 198
154 3 2 7 6 146 106 197 199
155 3 2 7 6 199 197 85 186
156 3 2 7 6 198 199 186 67
157 3 2 7 6 51 52 202 191
158 3 2 7 6 52 53 200 202
159 3 2 7 6 202 200 75 201
160 3 2 7 6 191 202 201 79
161 3 2 7 6 73 137 205 204
162 3 2 7 6 137 91 203 205
163 3 2 7 6 205 203 44 45
164 3 2 7 6 204 205 45 46
165 3 2 7 6 23 24 209 208
166 3 2 7 6 24 25 206 209
167 3 2 7 6 209 206 68 207
168 3 2 7 6 208 209 207 89
169 3 2 7 6 76 158 210 178
170 3 2 7 6 158 14 15 210
171 3 2 7 6 210 15 16 163
172 3 2 7 6 178 210 163 84
173 3 2 7 6 21 22 212 171
174 3 2 7 6 22 23 208 212
175 3 2 7 6 212 208 89 211
176 3 2 7 6 171 212 211 72
177 3 2 7 6 95 181 215 169
178 3 2 7 6 181 107 213 215
179 3 2 7 6 215 213 109 214
180 3 2 7 6 169 215 214 99
181 3 2 7 6 79 216 217 192
182 3 2 7 6 216 73 204 217
183 3 2 7 6 217 204 46 47
184 3 2 7 6 192 217 47 48
185 3 2 7 6 65 218 220 160
186 3 2 7 6 218 87 219 220
187 3 2 7 6 220 219 10 11
188 3 2 7 6 160 220 11 12
189 3 2 7 6 83 221 223 150
190 3 2 7 6 221 99 214 223
191 3 2 7 6 223 214 109 222
192 3 2 7 6 150 223 222 69
193 3 2 7 6 84 162 225 179
194 3 2 7 6 162 72 211 225
195 3 2 7 6 225 211 89 224
196 3 2 7 6 179 225 224 101
197 3 2 7 6 71 226 230 229
198 3 2 7 6 226 81 227 230
199 3 2 7 6 230 227 102 228
200 3 2 7 6 229 230 228 82
201 3 2 7 6 87 218 232 168
202 3 2 7 6 218 65 231 232
203 3 2 7 6 232 231 80 182
204 3 2 7 6 168 232 182 95
205 3 2 7 6 98 176 236 235
206 3 2 7 6 176 101 233 236
207 3 2 7 6 236 233 92 234
208 3 2 7 6 235 236 234 108
209 3 2 7 6 108 143 238 235
210 3 2 7 6 143 104 183 238
211 3 2 7 6 238 183 80 237
212 3 2 7 6 235 238 237 98
213 3 2 7 6 88 156 240 239
214 3 2 7 6 156 78 195 240
215 3 2 7 6 240 195 71 229
216 3 2 7 6 239 240 229 82
217 3 2 7 6 31 154 242 30
218 3 2 7 6 154 88 241 242
219 3 2 7 6 242 241 67 185
220 3 2 7 6 30 242 185 29
221 3 2 7 6 86 173 245 244
222 3 2 7 6 173 69 222 245
223 3 2 7 6 245 222 109 243
224 3 2 7 6 244 245 243 94
225 3 2 7 6 99 221 248 166
226 3 2 7 6 221 83 246 248
227 3 2 7 6 248 246 74 247
228 3 2 7 6 166 248 247 77
229 3 2 7 6 94 249 252 244
230 3 2 7 6 249 100 250 252
231 3 2 7 6 252 250 70 251
232 3 2 7 6 244 252 251 86
233 3 2 7 6 65 159 253 231
234 3 2 7 6 159 76 177 253
235 3 2 7 6 253 177 98 237
236 3 2 7 6 231 253 237 80
237 3 2 7 6 66 119 255 254
238 3 2 7 6 119 96 141 255
239 3 2 7 6 255 141 102 227
240 3 2 7 6 254 255 227 81
241 3 2 7 6 68 256 259 258
242 3 2 7 6 256 85 197 259
243 3 2 7 6 259 197 106 257
244 3 2 7 6 258 259 257 92
245 3 2 7 6 92 257 260 234
246 3 2 7 6 257 106 148 260
247 3 2 7 6 260 148 112 144
248 3 2 7 6 234 260 144 108
249 3 2 7 6 93 261 262 147
250 3 2 7 6 261 82 228 262
251 3 2 7 6 262 228 102 140
252 3 2 7 6 147 262 140 103
253 3 2 7 6 66 254 265 264
254 3 2 7 6 254 81 263 265
255 3 2 7 6 265 263 40 41
256 3 2 7 6 264 265 41 42
257 3 2 7 6 38 39 266 194
258 3 2 7 6 39 40 263 266
259 3 2 7 6 266 263 81 226
260 3 2 7 6 194 266 226 71
261 3 2 7 6 55 56 268 267
262 3 2 7 6 56 57 174 268
263 3 2 7 6 268 174 86 251
264 3 2 7 6 267 268 251 70
265 3 2 7 6 25 26 269 206
266 3 2 7 6 26 27 187 269
267 3 2 7 6 269 187 85 256
268 3 2 7 6 206 269 256 68
269 3 2 7 6 70 250 272 271
270 3 2 7 6 250 100 129 272
271 3 2 7 6 272 129 90 270
272 3 2 7 6 271 272 270 75
273 3 2 7 6 101 224 273 233
274 3 2 7 6 224 89 207 273
275 3 2 7 6 273 207 68 258
276 3 2 7 6 233 273 258 92
277 3 2 7 6 67 241 274 198
278 3 2 7 6 241 88 239 274
279 3 2 7 6 274 239 82 261
280 3 2 7 6 198 274 261 93
281 3 2 7 6 87 167 276 219
282 3 2 7 6 167 77 275 276
283 3 2 7 6 276 275 8 9
284 3 2 7 6 219 276 9 10
285 3 2 7 6 55 267 277 54
286 3 2 7 6 267 70 271 277
287 3 2 7 6 277 271 75 200
288 3 2 7 6 54 277 200 53
289 3 2 7 6 63 64 280 279
290 3 2 7 6 64 1 5 280
291 3 2 7 6 280 5 6 278
292 3 2 7 6 279 280 278 74
293 3 2 7 6 73 216 281 138
294 3 2 7 6 216 79 201 281
295 3 2 7 6 281 201 75 270
296 3 2 7 6 138 281 270 90
297 3 2 7 6 61 62 282 152
298 3 2 7 6 62 63 279 282
299 3 2 7 6 282 279 74 246
300 3 2 7 6 152 282 246 83
301 3 2 7 6 6 7 283 278
302 3 2 7 6 7 8 275 283
303 3 2 7 6 283 275 77 247
304 3 2 7 6 278 283 247 74
305 3 2 7 6 94 243 285 284
306 3 2 7 6 243 109 213 285
307 3 2 7 6 285 213 107 133
308 3 2 7 6 284 285 133 113
309 3 2 7 6 42 43 286 264
310 3 2 7 6 43 44 203 286
311 3 2 7 6 286 203 91 120
312 3 2 7 6 264 286 120 66
313 3 2 7 6 110 124 288 116
314 3 2 7 6 124 105 287 288
315 3 2 7 6 288 287 113 132
316 3 2 7 6 116 288 132 111
317 3 2 7 6 100 249 289 130
318 3 2 7 6 249 94 284 289
319 3 2 7 6 289 284 113 287
320 3 2 7 6 130 289 287 105
$EndElements
