$MeshFormat
2.2 0 8
$EndMeshFormat
$Nodes
215
1 -1 0.1 0
2 0.5 0.3 0
3 -1 -0.3 0
4 0.5 -0.5 0
5 -0.9250000000002568 0.1099999999999658 0
6 -0.8500000000005501 0.1199999999999267 0
7 -0.7750000000008399 0.129999999999888 0
8 -0.7000000000011024 0.139999999999853 0
9 -0.6250000000013688 0.1499999999998175 0
10 -0.5500000000016556 0.1599999999997793 0
11 -0.4750000000019323 0.1699999999997424 0
12 -0.4000000000022087 0.1799999999997055 0
13 -0.3250000000024921 0.1899999999996677 0
14 -0.2500000000027396 0.1999999999996347 0
15 -0.1750000000024383 0.2099999999996749 0
16 -0.100000000002209 0.2199999999997055 0
17 -0.02500000000191027 0.2299999999997453 0
18 0.04999999999834337 0.2399999999997791 0
19 0.1249999999985429 0.2499999999998057 0
20 0.1999999999988964 0.2599999999998528 0
21 0.2749999999991712 0.2699999999998894 0
22 0.3499999999994474 0.2799999999999263 0
23 0.4249999999997116 0.2899999999999615 0
24 0.5 -0.4333333333334708 0
25 0.5 -0.3666666666669592 0
26 0.5 -0.3000000000004823 0
27 0.5 -0.2333333333340054 0
28 0.5 -0.1666666666675337 0
29 0.5 -0.100000000001062 0
30 0.5 -0.03333333333420191 0
31 0.5 0.0333333333326109 0
32 0.5 0.09999999999960429 0
33 0.5 0.1666666666663165 0
34 0.5 0.2333333333330676 0
35 -1 0.050000000000081 0
36 -1 2.283451205897791e-13 0
37 -1 -0.04999999999962634 0
38 -1 -0.09999999999948103 0
39 -1 -0.1499999999996295 0
40 -1 -0.1999999999997432 0
41 -1 -0.2499999999997719 0
42 -0.925000000000297 -0.3099999999999604 0
43 -0.8500000000005523 -0.3199999999999263 0
44 -0.7750000000008268 -0.3299999999998898 0
45 -0.7000000000011048 -0.3399999999998527 0
46 -0.6250000000013528 -0.3499999999998196 0
47 -0.5500000000016574 -0.359999999999779 0
48 -0.4750000000019567 -0.3699999999997391 0
49 -0.4000000000022098 -0.3799999999997054 0
50 -0.3250000000024504 -0.3899999999996733 0
51 -0.2500000000027409 -0.3999999999996345 0
52 -0.1750000000024721 -0.4099999999996704 0
53 -0.1000000000022117 -0.4199999999997051 0
54 -0.02500000000193436 -0.429999999999742 0
55 0.0499999999983427 -0.439999999999779 0
56 0.1249999999985874 -0.4499999999998117 0
57 0.1999999999988944 -0.4599999999998526 0
58 0.2749999999991786 -0.4699999999998905 0
59 0.3499999999994479 -0.4799999999999264 0
60 0.4249999999997562 -0.4899999999999675 0
61 -0.07123243394866374 -0.2771612614073281 0
62 -0.3964656053016988 -0.22110091655993 0
63 0.09388605585681901 0.09705928446829577 0
64 -0.8086350359685188 -0.2289263675786254 0
65 0.3989576447254638 0.03526626950020204 0
66 -0.3343004842834941 0.0400181502942408 0
67 -0.8644749779940678 -0.01190670081273418 0
68 -0.7338150682255762 -0.04808454250577133 0
69 -0.7277277141463718 -0.2179752347694967 0
70 0.2205486962304681 -0.3270748546486249 0
71 0.3871079674934331 -0.2264333113578603 0
72 -0.06215963463630653 0.06707371537299138 0
73 0.3717718306530708 0.1515483192028761 0
74 0.3629178270165714 -0.3473856992585714 0
75 -0.9161908850370489 -0.2176761820643541 0
76 0.2397032200731624 -0.174940348587621 0
77 0.1515984722482201 -0.0388801696675052 0
78 0.2872786686821733 0.004340398821506609 0
79 -0.5875653625668005 -0.1657898788315508 0
80 0.07695228266750631 -0.3052531688668772 0
81 -0.2193931049735857 0.04922351753025353 0
82 -0.2312660365137272 -0.2516687434799179 0
83 -0.5174500251792075 0.01454859729870179 0
84 0.3324028360051925 -0.08569461998719841 0
85 0.2380355775432344 0.1285231469112897 0
86 -0.868540912997712 -0.1450783439389181 0
87 -0.01557870809290138 -0.1130339013407805 0
88 -0.2153146603782829 -0.1026879751952471 0
89 -0.3935433867745925 -0.1050217620899576 0
90 0.1003403800839803 -0.203286646774988 0
91 -0.7689828135796657 -0.1365448888629941 0
92 0.4494788223627319 -0.03236686525042999 0
93 0.4494788223627319 0.03429980141640647 0
94 0.4435539837467166 -0.2298833223459328 0
95 0.4435539837467166 -0.1632166556794611 0
96 -0.4587250125907081 0.09727429864920364 0
97 -0.5337250125904316 0.08727429864924052 0
98 -0.6087250125901549 0.0772742986492774 0
99 -0.7513989409026209 -0.09231471568438271 0
100 -0.6606902153961883 -0.1069372106686611 0
101 -0.6576465383565862 -0.1918825568005237 0
102 -0.7483552638630188 -0.1772600618162454 0
103 -0.7045227396296034 -0.1420986362424532 0
104 0.2860530280391774 -0.1303174842874097 0
105 0.1956508461606912 -0.1069102591275631 0
106 0.2194385704651967 -0.01726988542299929 0
107 0.3098407523436829 -0.0406771105828459 0
108 0.2527457992521871 -0.0737936848552045 0
109 -0.8572374889973089 0.05404664959359623 0
110 -0.932237488997034 -0.00595335040625292 0
111 -0.9286187444986453 0.05202332479683984 0
112 -0.04340557102078256 -0.1950975813740543 0
113 -0.1512492352311955 -0.264415002443623 0
114 -0.2232903484460051 -0.1771783593375825 0
115 -0.1154466842355921 -0.1078609382680138 0
116 -0.1333479597333938 -0.1861379703558184 0
117 -0.4554967059769 -0.0452365823956279 0
118 -0.3950044960381456 -0.1630613393249438 0
119 -0.4920154839342497 -0.1934453976957404 0
120 -0.552507693873004 -0.07562064076642451 0
121 -0.4737560949555748 -0.1193409900456841 0
122 0.1227422640525196 0.02908955740039529 0
123 0.1659608167000267 0.1127912156897928 0
124 0.2626571231127038 0.06643177286639816 0
125 0.1926996935826117 0.04776066513339673 0
126 -0.7169075341133393 0.04595772874704084 0
127 -0.6347076139931718 -0.01483145600969184 0
128 0.3049037040981526 0.1400357330570829 0
129 0.3853647376892673 0.09340729435153906 0
130 0.3431181567038185 0.01980333416085432 0
131 0.3240109304009855 0.07991953360896861 0
132 -0.7991450231098221 -0.02999562165925276 0
133 -0.787072511555331 0.05000218917031762 0
134 -0.7681813750574453 -0.2234508011740611 0
135 -0.7138638570737383 -0.2789876173846747 0
136 -0.8293175179845356 -0.2744631837892759 0
137 -0.7715906875291361 -0.2767254005869754 0
138 -0.2173538826759343 -0.02673222883249678 0
139 -0.1407763698049461 0.05814861645162245 0
140 -0.03886917136460395 -0.02298009298389454 0
141 -0.1281115270202691 -0.02485616090819566 0
142 -0.5687826812842289 -0.2628949394156649 0
143 -0.6413232691789694 -0.2709412784001717 0
144 -0.3982328026519543 -0.3005504582798177 0
145 -0.4835077419681032 -0.2817226988477398 0
146 0.01586321061025625 0.08206649992064358 0
147 0.06800988207765937 -0.07595703550414283 0
148 0.0419365463439578 0.003054732208250373 0
149 -0.2406330182582341 -0.3258343717397763 0
150 -0.313865820907713 -0.2363848300199239 0
151 -0.3194329104550817 -0.3131924150097986 0
152 -0.3671502421428514 0.1100090751469732 0
153 -0.2346965524881626 0.1246117587649441 0
154 -0.2768467946285399 0.04462083391224717 0
155 -0.300923397315516 0.1173104169559574 0
156 -0.3639219355290433 -0.03250180589785841 0
157 -0.3044290235764377 -0.1038548686426023 0
158 -0.2906379091024888 -0.02961701736517759 0
159 -0.3091474222420753 -0.1701198493312631 0
160 -0.0856162169754377 -0.3485806307035166 0
161 -0.1631246176168338 -0.3372075012216467 0
162 -0.08107981731925776 0.1435368576863484 0
163 -0.1578881849036922 0.1340743082256487 0
164 0.06347614133292451 -0.3726265844333281 0
165 0.002859924359421284 -0.2912072151371026 0
166 -0.01107003782125654 -0.3606036075684224 0
167 0.0719430279275812 0.1685296422340374 0
168 -0.004568394695827011 0.1560332499601944 0
169 0.04238083599553945 -0.1581602740578842 0
170 0.08864633137574329 -0.2542699078209326 0
171 0.02262038017748037 -0.2246837445974935 0
172 0.2917332616235198 -0.3372302769535981 0
173 0.3564589135080096 -0.4136928496292489 0
174 0.2102743481146812 -0.3935374273242387 0
175 0.2833666308113492 -0.4036151384767444 0
176 0.1487504894489872 -0.3161640117577511 0
177 0.1368752447237873 -0.3830820058787813 0
178 0.2190177887710654 0.1942615734555713 0
179 0.1454804083492848 0.1813956078447992 0
180 0.3608859153262591 0.2157741596014012 0
181 0.2899518520486619 0.2050178665284861 0
182 0.4358859153265354 0.1591074929345963 0
183 0.4304429576631235 0.2245537464672336 0
184 -0.4113234740598757 0.03238624637567262 0
185 0.4314589135082857 -0.3570261829627653 0
186 0.428229456754021 -0.423513091481362 0
187 0.1700218000785713 -0.1891134976813045 0
188 0.1190158410781154 -0.1325352665927237 0
189 -0.8665079454958899 -0.07849252237582616 0
190 -0.934270456498856 -0.1225391719691996 0
191 -0.933253972747945 -0.06424626118772625 0
192 0.2301259581518152 -0.251007601618123 0
193 0.1593861447637792 -0.2526387547195278 0
194 0.4426823688446336 0.09670364717557169 0
195 0.3134055937832977 -0.2006868299727406 0
196 0.3750128972550023 -0.2869095053082158 0
197 0.3025694277034087 -0.2689585534631694 0
198 0.4162014180025962 -0.09284730999413021 0
199 0.364803505892947 -0.1467670699834354 0
200 0.4375064486275012 -0.2934547526543491 0
201 0.3796597873532074 -0.03652198791663794 0
202 -0.9580954425185244 -0.2088380910320486 0
203 -0.8830954425188007 -0.2688380910321402 0
204 -0.9415477212594108 -0.2594190455159546 0
205 -0.8923658990173804 -0.1813772630016361 0
206 -0.9461829495086902 -0.1656886315006328 0
207 -0.8187618632886888 -0.1408116164009561 0
208 -0.8089534431992554 -0.08540361903010443 0
209 -0.8385879744831154 -0.1870023557587718 0
210 -0.7934716191730671 -0.1821312087875086 0
211 -0.8608417085009579 -0.227920223395456 0
212 0.4663192149084879 -0.01046679905607909 0
213 0.462369322497811 -0.1865888815643093 0
214 -0.4891500083943573 0.1181828657660622 0
215 -0.5891500083939868 0.1048495324327783 0
$EndNodes
$Elements
244
1 1 2 0 1 1 5
2 1 2 0 1 5 6
3 1 2 0 1 6 7
4 1 2 0 1 7 8
5 1 2 0 1 8 9
6 1 2 0 1 9 10
7 1 2 0 1 10 11
8 1 2 0 1 11 12
9 1 2 0 1 12 13
10 1 2 0 1 13 14
11 1 2 0 1 14 15
12 1 2 0 1 15 16
13 1 2 0 1 16 17
14 1 2 0 1 17 18
15 1 2 0 1 18 19
16 1 2 0 1 19 20
17 1 2 0 1 20 21
18 1 2 0 1 21 22
19 1 2 0 1 22 23
20 1 2 0 1 23 2
21 1 2 0 2 4 24
22 1 2 0 2 24 25
23 1 2 0 2 25 26
24 1 2 0 2 26 27
25 1 2 0 2 27 28
26 1 2 0 2 28 29
27 1 2 0 2 29 30
28 1 2 0 2 30 31
29 1 2 0 2 31 32
30 1 2 0 2 32 33
31 1 2 0 2 33 34
32 1 2 0 2 34 2
33 1 2 1 3 1 35
34 1 2 1 3 35 36
35 1 2 1 3 36 37
36 1 2 1 3 37 38
37 1 2 1 3 38 39
38 1 2 1 3 39 40
39 1 2 1 3 40 41
40 1 2 1 3 41 3
41 1 2 0 4 3 42
42 1 2 0 4 42 43
43 1 2 0 4 43 44
44 1 2 0 4 44 45
45 1 2 0 4 45 46
46 1 2 0 4 46 47
47 1 2 0 4 47 48
48 1 2 0 4 48 49
49 1 2 0 4 49 50
50 1 2 0 4 50 51
51 1 2 0 4 51 52
52 1 2 0 4 52 53
53 1 2 0 4 53 54
54 1 2 0 4 54 55
55 1 2 0 4 55 56
56 1 2 0 4 56 57
57 1 2 0 4 57 58
58 1 2 0 4 58 59
59 1 2 0 4 59 60
60 1 2 0 4 60 4
61 3 2 7 6 91 99 103 102
62 3 2 7 6 99 68 100 103
63 3 2 7 6 103 100 79 101
64 3 2 7 6 102 103 101 69
65 3 2 7 6 84 104 108 107
66 3 2 7 6 104 76 105 108
67 3 2 7 6 108 105 77 106
68 3 2 7 6 107 108 106 78
69 3 2 7 6 6 109 111 5
70 3 2 7 6 109 67 110 111
71 3 2 7 6 111 110 36 35
72 3 2 7 6 5 111 35 1
73 3 2 7 6 87 112 116 115
74 3 2 7 6 112 61 113 116
75 3 2 7 6 116 113 82 114
76 3 2 7 6 115 116 114 88
77 3 2 7 6 83 117 121 120
78 3 2 7 6 117 89 118 121
79 3 2 7 6 121 118 62 119
80 3 2 7 6 120 121 119 79
81 3 2 7 6 77 122 125 106
82 3 2 7 6 122 63 123 125
83 3 2 7 6 125 123 85 124
84 3 2 7 6 106 125 124 78
85 3 2 7 6 79 100 127 120
86 3 2 7 6 100 68 126 127
87 3 2 7 6 127 126 8 98
88 3 2 7 6 120 127 98 83
89 3 2 7 6 78 124 131 130
90 3 2 7 6 124 85 128 131
91 3 2 7 6 131 128 73 129
92 3 2 7 6 130 131 129 65
93 3 2 7 6 67 109 133 132
94 3 2 7 6 109 6 7 133
95 3 2 7 6 133 7 8 126
96 3 2 7 6 132 133 126 68
97 3 2 7 6 64 134 137 136
98 3 2 7 6 134 69 135 137
99 3 2 7 6 137 135 45 44
100 3 2 7 6 136 137 44 43
101 3 2 7 6 88 138 141 115
102 3 2 7 6 138 81 139 141
103 3 2 7 6 141 139 72 140
104 3 2 7 6 115 141 140 87
105 3 2 7 6 79 142 143 101
106 3 2 7 6 142 47 46 143
107 3 2 7 6 143 46 45 135
108 3 2 7 6 101 143 135 69
109 3 2 7 6 79 119 145 142
110 3 2 7 6 119 62 144 145
111 3 2 7 6 145 144 49 48
112 3 2 7 6 142 145 48 47
113 3 2 7 6 87 140 148 147
114 3 2 7 6 140 72 146 148
115 3 2 7 6 148 146 63 122
116 3 2 7 6 147 148 122 77
117 3 2 7 6 82 149 151 150
118 3 2 7 6 149 51 50 151
119 3 2 7 6 151 50 49 144
120 3 2 7 6 150 151 144 62
121 3 2 7 6 66 152 155 154
122 3 2 7 6 152 12 13 155
123 3 2 7 6 155 13 14 153
124 3 2 7 6 154 155 153 81
125 3 2 7 6 89 156 158 157
126 3 2 7 6 156 66 154 158
127 3 2 7 6 158 154 81 138
128 3 2 7 6 157 158 138 88
129 3 2 7 6 89 157 159 118
130 3 2 7 6 157 88 114 159
131 3 2 7 6 159 114 82 150
132 3 2 7 6 118 159 150 62
133 3 2 7 6 61 160 161 113
134 3 2 7 6 160 53 52 161
135 3 2 7 6 161 52 51 149
136 3 2 7 6 113 161 149 82
137 3 2 7 6 72 139 163 162
138 3 2 7 6 139 81 153 163
139 3 2 7 6 163 153 14 15
140 3 2 7 6 162 163 15 16
141 3 2 7 6 80 164 166 165
142 3 2 7 6 164 55 54 166
143 3 2 7 6 166 54 53 160
144 3 2 7 6 165 166 160 61
145 3 2 7 6 63 146 168 167
146 3 2 7 6 146 72 162 168
147 3 2 7 6 168 162 16 17
148 3 2 7 6 167 168 17 18
149 3 2 7 6 87 169 171 112
150 3 2 7 6 169 90 170 171
151 3 2 7 6 171 170 80 165
152 3 2 7 6 112 171 165 61
153 3 2 7 6 70 172 175 174
154 3 2 7 6 172 74 173 175
155 3 2 7 6 175 173 59 58
156 3 2 7 6 174 175 58 57
157 3 2 7 6 70 174 177 176
158 3 2 7 6 174 57 56 177
159 3 2 7 6 177 56 55 164
160 3 2 7 6 176 177 164 80
161 3 2 7 6 20 178 179 19
162 3 2 7 6 178 85 123 179
163 3 2 7 6 179 123 63 167
164 3 2 7 6 19 179 167 18
165 3 2 7 6 22 180 181 21
166 3 2 7 6 180 73 128 181
167 3 2 7 6 181 128 85 178
168 3 2 7 6 21 181 178 20
169 3 2 7 6 2 34 183 23
170 3 2 7 6 34 33 182 183
171 3 2 7 6 183 182 73 180
172 3 2 7 6 23 183 180 22
173 3 2 7 6 12 152 184 96
174 3 2 7 6 152 66 156 184
175 3 2 7 6 184 156 89 117
176 3 2 7 6 96 184 117 83
177 3 2 7 6 4 60 186 24
178 3 2 7 6 60 59 173 186
179 3 2 7 6 186 173 74 185
180 3 2 7 6 24 186 185 25
181 3 2 7 6 76 187 188 105
182 3 2 7 6 187 90 169 188
183 3 2 7 6 188 169 87 147
184 3 2 7 6 105 188 147 77
185 3 2 7 6 38 37 191 190
186 3 2 7 6 37 36 110 191
187 3 2 7 6 191 110 67 189
188 3 2 7 6 190 191 189 86
189 3 2 7 6 80 170 193 176
190 3 2 7 6 170 90 187 193
191 3 2 7 6 193 187 76 192
192 3 2 7 6 176 193 192 70
193 3 2 7 6 33 32 194 182
194 3 2 7 6 32 31 93 194
195 3 2 7 6 194 93 65 129
196 3 2 7 6 182 194 129 73
197 3 2 7 6 76 195 197 192
198 3 2 7 6 195 71 196 197
199 3 2 7 6 197 196 74 172
200 3 2 7 6 192 197 172 70
201 3 2 7 6 76 104 199 195
202 3 2 7 6 104 84 198 199
203 3 2 7 6 199 198 29 95
204 3 2 7 6 195 199 95 71
205 3 2 7 6 25 185 200 26
206 3 2 7 6 185 74 196 200
207 3 2 7 6 200 196 71 94
208 3 2 7 6 26 200 94 27
209 3 2 7 6 29 198 201 92
210 3 2 7 6 198 84 107 201
211 3 2 7 6 201 107 78 130
212 3 2 7 6 92 201 130 65
213 3 2 7 6 43 42 204 203
214 3 2 7 6 42 3 41 204
215 3 2 7 6 204 41 40 202
216 3 2 7 6 203 204 202 75
217 3 2 7 6 86 205 206 190
218 3 2 7 6 205 75 202 206
219 3 2 7 6 206 202 40 39
220 3 2 7 6 190 206 39 38
221 3 2 7 6 68 99 208 132
222 3 2 7 6 99 91 207 208
223 3 2 7 6 208 207 86 189
224 3 2 7 6 132 208 189 67
225 3 2 7 6 69 134 210 102
226 3 2 7 6 134 64 209 210
227 3 2 7 6 210 209 86 207
228 3 2 7 6 102 210 207 91
229 3 2 7 6 43 203 211 136
230 3 2 7 6 203 75 205 211
231 3 2 7 6 211 205 86 209
232 3 2 7 6 136 211 209 64
233 3 2 7 6 31 30 212 93
234 3 2 7 6 30 29 92 212
235 3 2 7 6 93 212 92 65
236 3 2 7 6 29 28 213 95
237 3 2 7 6 28 27 94 213
238 3 2 7 6 95 213 94 71
239 3 2 7 6 10 11 214 97
240 3 2 7 6 11 12 96 214
241 3 2 7 6 97 214 96 83
242 3 2 7 6 83 98 215 97
243 3 2 7 6 98 8 9 215
244 3 2 7 6 97 215 9 10
$EndElements
